0.0     0.0     6
0.0     0.1     90
0.0     0.2     94
0.0     0.3     86
0.0     0.4     92
0.0     0.5     35
0.0     0.6     84
0.0     0.7     86
0.0     0.8     91
0.0     0.9     84
0.0     1.0     3

0.1     0.0     90
0.1     0.1     11952
0.1     0.2     24528
0.1     0.3     28045
0.1     0.4     27560
0.1     0.5     7386
0.1     0.6     27074
0.1     0.7     28073
0.1     0.8     27726
0.1     0.9     17483
0.1     1.0     6

0.2     0.0     94
0.2     0.1     26012
0.2     0.2     12159
0.2     0.3     27583
0.2     0.4     22804
0.2     0.5     4631
0.2     0.6     22434
0.2     0.7     27760
0.2     0.8     17153
0.2     0.9     27812
0.2     1.0     6

0.3     0.0     86
0.3     0.1     28678
0.3     0.2     27494
0.3     0.3     12335
0.3     0.4     27635
0.3     0.5     7100
0.3     0.6     25906
0.3     0.7     16315
0.3     0.8     28911
0.3     0.9     28436
0.3     1.0     6

0.4     0.0     92
0.4     0.1     28305
0.4     0.2     22972
0.4     0.3     27237
0.4     0.4     12835
0.4     0.5     3815
0.4     0.6     15482
0.4     0.7     24616
0.4     0.8     21847
0.4     0.9     26828
0.4     1.0     6

0.5     0.0     35
0.5     0.1     7753
0.5     0.2     5087
0.5     0.3     7016
0.5     0.4     3966
0.5     0.5     261
0.5     0.6     3934
0.5     0.7     6953
0.5     0.8     5983
0.5     0.9     7741
0.5     1.0     5

0.6     0.0     84
0.6     0.1     28937
0.6     0.2     22426
0.6     0.3     26459
0.6     0.4     15602
0.6     0.5     3918
0.6     0.6     14041
0.6     0.7     26639
0.6     0.8     22003
0.6     0.9     27399
0.6     1.0     6

0.7     0.0     86
0.7     0.1     29869
0.7     0.2     28843
0.7     0.3     16890
0.7     0.4     25996
0.7     0.5     6560
0.7     0.6     26830
0.7     0.7     15078
0.7     0.8     27411
0.7     0.9     27552
0.7     1.0     6

0.8     0.0     91
0.8     0.1     27186
0.8     0.2     16891
0.8     0.3     28445
0.8     0.4     19543
0.8     0.5     5439
0.8     0.6     23012
0.8     0.7     27894
0.8     0.8     13557
0.8     0.9     26446
0.8     1.0     6

0.9     0.0     84
0.9     0.1     15992
0.9     0.2     27634
0.9     0.3     29034
0.9     0.4     27118
0.9     0.5     7808
0.9     0.6     27013
0.9     0.7     27344
0.9     0.8     25247
0.9     0.9     9446
0.9     1.0     6

1.0     0.0     3
1.0     0.1     6
1.0     0.2     6
1.0     0.3     6
1.0     0.4     6
1.0     0.5     5
1.0     0.6     6
1.0     0.7     6
1.0     0.8     6
1.0     0.9     6
1.0     1.0     1
