0.1 0.1 0.0015060240963855422
0.1 0.2 0.0009784735812133072
0.1 0.3 0.0008557675164913532
0.1 0.4 0.0008708272859216256
0.1 0.5 0.002166260492824262
0.1 0.6 0.0008864593336780675
0.1 0.7 0.0008549139742813379
0.1 0.8 0.0008656135035706557
0.1 0.9 0.0011439684264714293

0.2 0.1 0.0009226510841150238
0.2 0.2 0.0014803849000740192
0.2 0.3 0.0008701011492586013
0.2 0.4 0.0010524469391334855
0.2 0.5 0.0034549773267112936
0.2 0.6 0.0009806543639119193
0.2 0.7 0.0008645533141210375
0.2 0.8 0.0011659767970617384
0.2 0.9 0.0007910254566374227

0.3 0.1 0.0008368784434060953
0.3 0.2 0.0008729177275041827
0.3 0.3 0.001459262261856506
0.3 0.4 0.0008684639044689705
0.3 0.5 0.0022535211267605635
0.3 0.6 0.0009264263105072184
0.3 0.7 0.001225865767698437
0.3 0.8 0.0008301338590847774
0.3 0.9 0.0008440005626670418

0.4 0.1 0.0008479067302596715
0.4 0.2 0.0010447501305937664
0.4 0.3 0.0008811543121489151
0.4 0.4 0.0014024152707440593
0.4 0.5 0.0041939711664482305
0.4 0.6 0.001291822761917065
0.4 0.7 0.0008937276568085798
0.4 0.8 0.0010070032498741247
0.4 0.9 0.0008945877441479052

0.5 0.1 0.0020637172707339093
0.5 0.2 0.003145272262630234
0.5 0.3 0.002280501710376283
0.5 0.4 0.004034291477559254
0.5 0.5 0.03065134099616858
0.5 0.6 0.0038129130655821047
0.5 0.7 0.0023011649647634116
0.5 0.8 0.0025071034598027745
0.5 0.9 0.002066916419067304

0.6 0.1 0.0008293879807858451
0.6 0.2 0.0009810041915633639
0.6 0.3 0.0009070637590233946
0.6 0.4 0.0012818869375721062
0.6 0.5 0.0038284839203675345
0.6 0.6 0.0012819599743608004
0.6 0.7 0.0008258568264574496
0.6 0.8 0.0009089669590510385
0.6 0.9 0.0008759443775320267

0.7 0.1 0.000803508654457799
0.7 0.2 0.000832090975279964
0.7 0.3 0.0011841326228537595
0.7 0.4 0.0008462840436990306
0.7 0.5 0.0024390243902439024
0.7 0.6 0.0008199776369735371
0.7 0.7 0.001193792280143255
0.7 0.8 0.000875560906205538
0.7 0.9 0.0008710801393728223

0.8 0.1 0.0008828073273008167
0.8 0.2 0.0011840625185009768
0.8 0.3 0.0008437335208296713
0.8 0.4 0.001125722765184465
0.8 0.5 0.0027578599007170436
0.8 0.6 0.0008691117677733357
0.8 0.7 0.0008604000860400087
0.8 0.8 0.0013277273733126797
0.8 0.9 0.0008318838387657869

0.9 0.1 0.0012506253126563281
0.9 0.2 0.0007961207208511254
0.9 0.3 0.0008266170696424882
0.9 0.4 0.0008850210192492072
0.9 0.5 0.0020491803278688526
0.9 0.6 0.0008884611113167734
0.9 0.7 0.0008777062609713282
0.9 0.8 0.0008713906602764685
0.9 0.9 0.0019055684946008892
