0.0   0.0   3
0.0   0.1   6
0.0   0.2   6
0.0   0.3   6
0.0   0.4   6
0.0   0.5   5
0.0   0.6   6
0.0   0.7   6
0.0   0.8   6
0.0   0.9   6
0.0   1.0   1

0.1   0.0   6
0.1   0.1   18
0.1   0.2   24
0.1   0.3   24
0.1   0.4   24
0.1   0.5   16
0.1   0.6   24
0.1   0.7   24
0.1   0.8   24
0.1   0.9   20
0.1   1.0   1

0.2   0.0   6
0.2   0.1   24
0.2   0.2   18
0.2   0.3   24
0.2   0.4   24
0.2   0.5   16
0.2   0.6   22
0.2   0.7   24
0.2   0.8   20
0.2   0.9   22
0.2   1.0   1

0.3   0.0   6
0.3   0.1   24
0.3   0.2   24
0.3   0.3   18
0.3   0.4   24
0.3   0.5   16
0.3   0.6   24
0.3   0.7   20
0.3   0.8   24
0.3   0.9   24
0.3   1.0   1

0.4   0.0   6
0.4   0.1   24
0.4   0.2   24
0.4   0.3   24
0.4   0.4   18
0.4   0.5   16
0.4   0.6   20
0.4   0.7   22
0.4   0.8   22
0.4   0.9   24
0.4   1.0   1

0.5   0.0   5
0.5   0.1   16
0.5   0.2   16
0.5   0.3   16
0.5   0.4   16
0.5   0.5   8
0.5   0.6   15
0.5   0.7   16
0.5   0.8   15
0.5   0.9   16
0.5   1.0   1

0.6   0.0   6
0.6   0.1   24
0.6   0.2   22
0.6   0.3   24
0.6   0.4   20
0.6   0.5   15
0.6   0.6   18
0.6   0.7   22
0.6   0.8   20
0.6   0.9   24
0.6   1.0   1

0.7   0.0   6
0.7   0.1   24
0.7   0.2   24
0.7   0.3   20
0.7   0.4   22
0.7   0.5   16
0.7   0.6   22
0.7   0.7   18
0.7   0.8   24
0.7   0.9   24
0.7   1.0   1

0.8   0.0   6
0.8   0.1   24
0.8   0.2   20
0.8   0.3   24
0.8   0.4   22
0.8   0.5   15
0.8   0.6   20
0.8   0.7   24
0.8   0.8   18
0.8   0.9   22
0.8   1.0   1

0.9   0.0   6
0.9   0.1   20
0.9   0.2   22
0.9   0.3   24
0.9   0.4   24
0.9   0.5   16
0.9   0.6   24
0.9   0.7   24
0.9   0.8   22
0.9   0.9   18
0.9   1.0   1

1.0   0.0   1
1.0   0.1   1
1.0   0.2   1
1.0   0.3   1
1.0   0.4   1
1.0   0.5   1
1.0   0.6   1
1.0   0.7   1
1.0   0.8   1
1.0   0.9   1
1.0   1.0   1
