1.88867   3.5
1.89062   3.49805
1.89258   3.49609
1.89453   3.49414
1.89648   3.49219
1.89844   3.49023
1.90039   3.48828
1.90234   3.48633
1.9043    3.48438
1.90625   3.48242
1.9082    3.48047
1.91016   3.47852
1.91211   3.47656
1.91406   3.47461
1.91602   3.47266
1.91797   3.4707
1.91992   3.46875
1.92188   3.4668
1.92383   3.46484
1.92578   3.46289
1.92773   3.46094
1.92969   3.45898
1.93164   3.45703
1.93359   3.45508
1.93555   3.45312
1.9375    3.45117
1.93945   3.44922
1.94141   3.44727
1.94336   3.44531
1.94531   3.44336
1.94727   3.44141
1.94922   3.43945
1.95117   3.4375
1.95312   3.43555
1.95508   3.43359
1.95703   3.43164
1.95898   3.42969
1.96094   3.42773
1.96289   3.42578
1.96484   3.42383
1.9668    3.42188
1.96875   3.41992
1.9707    3.41797
1.97266   3.41602
1.97461   3.41406
1.97656   3.41211
1.97852   3.41016
1.98047   3.4082
1.98242   3.40625
1.98438   3.4043
1.98633   3.40234
1.98828   3.40039
1.99023   3.39844
1.99219   3.39648
1.99414   3.39453
1.99609   3.39258
1.99805   3.39062
2         3.38867
2.00195   3.38672
2.00391   3.38477
2.00586   3.38281
2.00781   3.38086
2.00977   3.37891
2.01172   3.37695
2.01367   3.375
2.01562   3.37305
2.01758   3.37109
2.01953   3.36914
2.02148   3.36719
2.02344   3.36523
2.02539   3.36328
2.02734   3.36133
2.0293    3.35938
2.03125   3.35742
2.0332    3.35547
2.03516   3.35352
2.03711   3.35156
2.03906   3.34961
2.04102   3.34766
2.04297   3.3457
2.04492   3.34375
2.04688   3.3418
2.04883   3.33984
2.05078   3.33789
2.05273   3.33594
2.05469   3.33398
2.05664   3.33203
2.05859   3.33008
2.06055   3.32812
2.0625    3.32617
2.06445   3.32422
2.06641   3.32227
2.06836   3.32031
2.07031   3.31836
2.07227   3.31641
2.07422   3.31445
2.07617   3.3125
2.07812   3.31055
2.08008   3.30859
2.08203   3.30664
2.08398   3.30469
2.08594   3.30273
2.08789   3.30078
2.08984   3.29883
2.0918    3.29688
2.09375   3.29492
2.0957    3.29297
2.09766   3.29102
2.09961   3.28906
2.10156   3.28711
2.10352   3.28516
2.10547   3.2832
2.10742   3.28125
2.10938   3.2793
2.11133   3.27734
2.11328   3.27539
2.11523   3.27344
2.11719   3.27148
2.11914   3.26953
2.12109   3.26758
2.12305   3.26562
2.125     3.26367
2.12695   3.26172
2.12891   3.25977
2.13086   3.25781
2.13281   3.25586
2.13477   3.25391
2.13672   3.25195
2.13867   3.25
2.14062   3.24805
2.14258   3.24609
2.14453   3.24414
2.14648   3.24219
2.14844   3.24023
2.15039   3.23828
2.15234   3.23633
2.1543    3.23438
2.15625   3.23242
2.1582    3.23047
2.16016   3.22852
2.16211   3.22656
2.16406   3.22461
2.16602   3.22266
2.16797   3.2207
2.16992   3.21875
2.17188   3.2168
2.17383   3.21484
2.17578   3.21289
2.17773   3.21094
2.17969   3.20898
2.18164   3.20703
2.18359   3.20508
2.18555   3.20312
2.1875    3.20117
2.18945   3.19922
2.19141   3.19727
2.19336   3.19531
2.19531   3.19336
2.19727   3.19141
2.19922   3.18945
2.20117   3.1875
2.20312   3.18555
2.20508   3.18359
2.20703   3.18164
2.20898   3.17969
2.21094   3.17773
2.21289   3.17578
2.21484   3.17383
2.2168    3.17188
2.21875   3.16992
2.2207    3.16797
2.22266   3.16602
2.22461   3.16406
2.22656   3.16211
2.22852   3.16016
2.23047   3.1582
2.23242   3.15625
2.23438   3.1543
2.23633   3.15234
2.23828   3.15039
2.24023   3.14844
2.24219   3.14648
2.24414   3.14453
2.24609   3.14258
2.24805   3.14062
2.25      3.13867
2.25195   3.13672
2.25391   3.13477
2.25586   3.13281
2.25781   3.13086
2.25977   3.12891
2.26172   3.12695
2.26367   3.125
2.26562   3.12305
2.26758   3.12109
2.26953   3.11914
2.27148   3.11719
2.27344   3.11523
2.27539   3.11328
2.27734   3.11133
2.2793    3.10938
2.28125   3.10742
2.2832    3.10547
2.28516   3.10352
2.28711   3.10156
2.28906   3.09961
2.29102   3.09766
2.29297   3.0957
2.29492   3.09375
2.29688   3.0918
2.29883   3.08984
2.30078   3.08789
2.30273   3.08594
2.30469   3.08398
2.30664   3.08203
2.30859   3.08008
2.31055   3.07812
2.3125    3.07617
2.31445   3.07422
2.31641   3.07227
2.31836   3.07031
2.32031   3.06836
2.32227   3.06641
2.32422   3.06445
2.32617   3.0625
2.32812   3.06055
2.33008   3.05859
2.33203   3.05664
2.33398   3.05469
2.33594   3.05273
2.33789   3.05078
2.33984   3.04883
2.3418    3.04688
2.34375   3.04492
2.3457    3.04297
2.34766   3.04102
2.34961   3.03906
2.35156   3.03711
2.35352   3.03516
2.35547   3.0332
2.35742   3.03125
2.35938   3.0293
2.36133   3.02734
2.36328   3.02539
2.36523   3.02344
2.36719   3.02148
2.36914   3.01953
2.37109   3.01758
2.37305   3.01562
2.375     3.01367
2.37695   3.01172
2.37891   3.00977
2.38086   3.00781
2.38281   3.00586
2.38477   3.00391
2.38672   3.00195
2.38867   3
2.39062   2.99805
2.39258   2.99609
2.39453   2.99414
2.39648   2.99219
2.39844   2.99023
2.40039   2.98828
2.40234   2.98633
2.4043    2.98438
2.40625   2.98242
2.4082    2.98047
2.41016   2.97852
2.41211   2.97656
2.41406   2.97461
2.41602   2.97266
2.41797   2.9707
2.41992   2.96875
2.42188   2.9668
2.42383   2.96484
2.42578   2.96289
2.42773   2.96094
2.42969   2.95898
2.43164   2.95703
2.43359   2.95508
2.43555   2.95312
2.4375    2.95117
2.43945   2.94922
2.44141   2.94727
2.44336   2.94531
2.44531   2.94336
2.44727   2.94141
2.44922   2.93945
2.45117   2.9375
2.45312   2.93555
2.45508   2.93359
2.45703   2.93164
2.45898   2.92969
2.46094   2.92773
2.46289   2.92578
2.46484   2.92383
2.4668    2.92188
2.46875   2.91992
2.4707    2.91797
2.47266   2.91602
2.47461   2.91406
2.47656   2.91211
2.47852   2.91016
2.48047   2.9082
2.48242   2.90625
2.48438   2.9043
2.48633   2.90234
2.48828   2.90039
2.49023   2.89844
2.49219   2.89648
2.49414   2.89453
2.49609   2.89258
2.49805   2.89062
2.5       2.88867
2.50195   2.88672
2.50391   2.88477
2.50586   2.88281
2.50781   2.88086
2.50977   2.87891
2.51172   2.87695
2.51367   2.875
2.51562   2.87305
2.51758   2.87109
2.51953   2.86914
2.52148   2.86719
2.52344   2.86523
2.52539   2.86328
2.52734   2.86133
2.5293    2.85938
2.53125   2.85742
2.5332    2.85547
2.53516   2.85352
2.53711   2.85156
2.53906   2.84961
2.54102   2.84766
2.54297   2.8457
2.54492   2.84375
2.54688   2.8418
2.54883   2.83984
2.55078   2.83789
2.55273   2.83594
2.55469   2.83398
2.55664   2.83203
2.55859   2.83008
2.56055   2.82812
2.5625    2.82617
2.56445   2.82422
2.56641   2.82227
2.56836   2.82031
2.57031   2.81836
2.57227   2.81641
2.57422   2.81445
2.57617   2.8125
2.57812   2.81055
2.58008   2.80859
2.58203   2.80664
2.58398   2.80469
2.58594   2.80273
2.58789   2.80078
2.58984   2.79883
2.5918    2.79688
2.59375   2.79492
2.5957    2.79297
2.59766   2.79102
2.59961   2.78906
2.60156   2.78711
2.60352   2.78516
2.60547   2.7832
2.60742   2.78125
2.60938   2.7793
2.61133   2.77734
2.61328   2.77539
2.61523   2.77344
2.61719   2.77148
2.61914   2.76953
2.62109   2.76758
2.62305   2.76562
2.625     2.76367
2.62695   2.76172
2.62891   2.75977
2.63086   2.75781
2.63281   2.75586
2.63477   2.75391
2.63672   2.75195
2.63867   2.75
2.64062   2.74805
2.64258   2.74609
2.64453   2.74414
2.64648   2.74219
2.64844   2.74023
2.65039   2.73828
2.65234   2.73633
2.6543    2.73438
2.65625   2.73242
2.6582    2.73047
2.66016   2.72852
2.66211   2.72656
2.66406   2.72461
2.66602   2.72266
2.66797   2.7207
2.66992   2.71875
2.67188   2.7168
2.67383   2.71484
2.67578   2.71289
2.67773   2.71094
2.67969   2.70898
2.68164   2.70703
2.68359   2.70508
2.68555   2.70312
2.6875    2.70117
2.68945   2.69922
2.69141   2.69727
2.69336   2.69531
2.69531   2.69336
2.69727   2.69141
2.69922   2.68945
2.70117   2.6875
2.70312   2.68555
2.70508   2.68359
2.70703   2.68164
2.70898   2.67969
2.71094   2.67773
2.71289   2.67578
2.71484   2.67383
2.7168    2.67188
2.71875   2.66992
2.7207    2.66797
2.72266   2.66602
2.72461   2.66406
2.72656   2.66211
2.72852   2.66016
2.73047   2.6582
2.73242   2.65625
2.73438   2.6543
2.73633   2.65234
2.73828   2.65039
2.74023   2.64844
2.74219   2.64648
2.74414   2.64453
2.74609   2.64258
2.74805   2.64062
2.75      2.63867
2.75195   2.63672
2.75391   2.63477
2.75586   2.63281
2.75781   2.63086
2.75977   2.62891
2.76172   2.62695
2.76367   2.625
2.76562   2.62305
2.76758   2.62109
2.76953   2.61914
2.77148   2.61719
2.77344   2.61523
2.77539   2.61328
2.77734   2.61133
2.7793    2.60938
2.78125   2.60742
2.7832    2.60547
2.78516   2.60352
2.78711   2.60156
2.78906   2.59961
2.79102   2.59766
2.79297   2.5957
2.79492   2.59375
2.79688   2.5918
2.79883   2.58984
2.80078   2.58789
2.80273   2.58594
2.80469   2.58398
2.80664   2.58203
2.80859   2.58008
2.81055   2.57812
2.8125    2.57617
2.81445   2.57422
2.81641   2.57227
2.81836   2.57031
2.82031   2.56836
2.82227   2.56641
2.82422   2.56445
2.82617   2.5625
2.82812   2.56055
2.83008   2.55859
2.83203   2.55664
2.83398   2.55469
2.83594   2.55273
2.83789   2.55078
2.83984   2.54883
2.8418    2.54688
2.84375   2.54492
2.8457    2.54297
2.84766   2.54102
2.84961   2.53906
2.85156   2.53711
2.85352   2.53516
2.85547   2.5332
2.85742   2.53125
2.85938   2.5293
2.86133   2.52734
2.86328   2.52539
2.86523   2.52344
2.86719   2.52148
2.86914   2.51953
2.87109   2.51758
2.87305   2.51562
2.875     2.51367
2.87695   2.51172
2.87891   2.50977
2.88086   2.50781
2.88281   2.50586
2.88477   2.50391
2.88672   2.50195
2.88867   2.5
2.89062   2.49805
2.89258   2.49609
2.89453   2.49414
2.89648   2.49219
2.89844   2.49023
2.90039   2.48828
2.90234   2.48633
2.9043    2.48438
2.90625   2.48242
2.9082    2.48047
2.91016   2.47852
2.91211   2.47656
2.91406   2.47461
2.91602   2.47266
2.91797   2.4707
2.91992   2.46875
2.92188   2.4668
2.92383   2.46484
2.92578   2.46289
2.92773   2.46094
2.92969   2.45898
2.93164   2.45703
2.93359   2.45508
2.93555   2.45312
2.9375    2.45117
2.93945   2.44922
2.94141   2.44727
2.94336   2.44531
2.94531   2.44336
2.94727   2.44141
2.94922   2.43945
2.95117   2.4375
2.95312   2.43555
2.95508   2.43359
2.95703   2.43164
2.95898   2.42969
2.96094   2.42773
2.96289   2.42578
2.96484   2.42383
2.9668    2.42188
2.96875   2.41992
2.9707    2.41797
2.97266   2.41602
2.97461   2.41406
2.97656   2.41211
2.97852   2.41016
2.98047   2.4082
2.98242   2.40625
2.98438   2.4043
2.98633   2.40234
2.98828   2.40039
2.99023   2.39844
2.99219   2.39648
2.99414   2.39453
2.99609   2.39258
2.99805   2.39062
3         2.38867
3.00195   2.38672
3.00391   2.38477
3.00586   2.38281
3.00781   2.38086
3.00977   2.37891
3.01172   2.37695
3.01367   2.375
3.01562   2.37305
3.01758   2.37109
3.01953   2.36914
3.02148   2.36719
3.02344   2.36523
3.02539   2.36328
3.02734   2.36133
3.0293    2.35938
3.03125   2.35742
3.0332    2.35547
3.03516   2.35352
3.03711   2.35156
3.03906   2.34961
3.04102   2.34766
3.04297   2.3457
3.04492   2.34375
3.04688   2.3418
3.04883   2.33984
3.05078   2.33789
3.05273   2.33594
3.05469   2.33398
3.05664   2.33203
3.05859   2.33008
3.06055   2.32812
3.0625    2.32617
3.06445   2.32422
3.06641   2.32227
3.06836   2.32031
3.07031   2.31836
3.07227   2.31641
3.07422   2.31445
3.07617   2.3125
3.07812   2.31055
3.08008   2.30859
3.08203   2.30664
3.08398   2.30469
3.08594   2.30273
3.08789   2.30078
3.08984   2.29883
3.0918    2.29688
3.09375   2.29492
3.0957    2.29297
3.09766   2.29102
3.09961   2.28906
3.10156   2.28711
3.10352   2.28516
3.10547   2.2832
3.10742   2.28125
3.10938   2.2793
3.11133   2.27734
3.11328   2.27539
3.11523   2.27344
3.11719   2.27148
3.11914   2.26953
3.12109   2.26758
3.12305   2.26562
3.125     2.26367
3.12695   2.26172
3.12891   2.25977
3.13086   2.25781
3.13281   2.25586
3.13477   2.25391
3.13672   2.25195
3.13867   2.25
3.14062   2.24805
3.14258   2.24609
3.14453   2.24414
3.14648   2.24219
3.14844   2.24023
3.15039   2.23828
3.15234   2.23633
3.1543    2.23438
3.15625   2.23242
3.1582    2.23047
3.16016   2.22852
3.16211   2.22656
3.16406   2.22461
3.16602   2.22266
3.16797   2.2207
3.16992   2.21875
3.17188   2.2168
3.17383   2.21484
3.17578   2.21289
3.17773   2.21094
3.17969   2.20898
3.18164   2.20703
3.18359   2.20508
3.18555   2.20312
3.1875    2.20117
3.18945   2.19922
3.19141   2.19727
3.19336   2.19531
3.19531   2.19336
3.19727   2.19141
3.19922   2.18945
3.20117   2.1875
3.20312   2.18555
3.20508   2.18359
3.20703   2.18164
3.20898   2.17969
3.21094   2.17773
3.21289   2.17578
3.21484   2.17383
3.2168    2.17188
3.21875   2.16992
3.2207    2.16797
3.22266   2.16602
3.22461   2.16406
3.22656   2.16211
3.22852   2.16016
3.23047   2.1582
3.23242   2.15625
3.23438   2.1543
3.23633   2.15234
3.23828   2.15039
3.24023   2.14844
3.24219   2.14648
3.24414   2.14453
3.24609   2.14258
3.24805   2.14062
3.25      2.13867
3.25195   2.13672
3.25391   2.13477
3.25586   2.13281
3.25781   2.13086
3.25977   2.12891
3.26172   2.12695
3.26367   2.125
3.26562   2.12305
3.26758   2.12109
3.26953   2.11914
3.27148   2.11719
3.27344   2.11523
3.27539   2.11328
3.27734   2.11133
3.2793    2.10938
3.28125   2.10742
3.2832    2.10547
3.28516   2.10352
3.28711   2.10156
3.28906   2.09961
3.29102   2.09766
3.29297   2.0957
3.29492   2.09375
3.29688   2.0918
3.29883   2.08984
3.30078   2.08789
3.30273   2.08594
3.30469   2.08398
3.30664   2.08203
3.30859   2.08008
3.31055   2.07812
3.3125    2.07617
3.31445   2.07422
3.31641   2.07227
3.31836   2.07031
3.32031   2.06836
3.32227   2.06641
3.32422   2.06445
3.32617   2.0625
3.32812   2.06055
3.33008   2.05859
3.33203   2.05664
3.33398   2.05469
3.33594   2.05273
3.33789   2.05078
3.33984   2.04883
3.3418    2.04688
3.34375   2.04492
3.3457    2.04297
3.34766   2.04102
3.34961   2.03906
3.35156   2.03711
3.35352   2.03516
3.35547   2.0332
3.35742   2.03125
3.35938   2.0293
3.36133   2.02734
3.36328   2.02539
3.36523   2.02344
3.36719   2.02148
3.36914   2.01953
3.37109   2.01758
3.37305   2.01562
3.375     2.01367
3.37695   2.01172
3.37891   2.00977
3.38086   2.00781
3.38281   2.00586
3.38477   2.00391
3.38672   2.00195
3.38867   2
3.39062   1.99805
3.39258   1.99609
3.39453   1.99414
3.39648   1.99219
3.39844   1.99023
3.40039   1.98828
3.40234   1.98633
3.4043    1.98438
3.40625   1.98242
3.4082    1.98047
3.41016   1.97852
3.41211   1.97656
3.41406   1.97461
3.41602   1.97266
3.41797   1.9707
3.41992   1.96875
3.42188   1.9668
3.42383   1.96484
3.42578   1.96289
3.42773   1.96094
3.42969   1.95898
3.43164   1.95703
3.43359   1.95508
3.43555   1.95312
3.4375    1.95117
3.43945   1.94922
3.44141   1.94727
3.44336   1.94531
3.44531   1.94336
3.44727   1.94141
3.44922   1.93945
3.45117   1.9375
3.45312   1.93555
3.45508   1.93359
3.45703   1.93164
3.45898   1.92969
3.46094   1.92773
3.46289   1.92578
3.46484   1.92383
3.4668    1.92188
3.46875   1.91992
3.4707    1.91797
3.47266   1.91602
3.47461   1.91406
3.47656   1.91211
3.47852   1.91016
3.48047   1.9082
3.48242   1.90625
3.48438   1.9043
3.48633   1.90234
3.48828   1.90039
3.49023   1.89844
3.49219   1.89648
3.49414   1.89453
3.49609   1.89258
3.49805   1.89062
3.5       1.88867
