2.22217   4
2.22266   3.99951
2.22314   3.99902
2.22363   3.99854
2.22412   3.99805
2.22461   3.99756
2.2251    3.99707
2.22559   3.99658
2.22607   3.99609
2.22656   3.99561
2.22705   3.99512
2.22754   3.99463
2.22803   3.99414
2.22852   3.99365
2.229     3.99316
2.22949   3.99268
2.22998   3.99219
2.23047   3.9917
2.23096   3.99121
2.23145   3.99072
2.23193   3.99023
2.23242   3.98975
2.23291   3.98926
2.2334    3.98877
2.23389   3.98828
2.23438   3.98779
2.23486   3.9873
2.23535   3.98682
2.23584   3.98633
2.23633   3.98584
2.23682   3.98535
2.2373    3.98486
2.23779   3.98438
2.23828   3.98389
2.23877   3.9834
2.23926   3.98291
2.23975   3.98242
2.24023   3.98193
2.24072   3.98145
2.24121   3.98096
2.2417    3.98047
2.24219   3.97998
2.24268   3.97949
2.24316   3.979
2.24365   3.97852
2.24414   3.97803
2.24463   3.97754
2.24512   3.97705
2.24561   3.97656
2.24609   3.97607
2.24658   3.97559
2.24707   3.9751
2.24756   3.97461
2.24805   3.97412
2.24854   3.97363
2.24902   3.97314
2.24951   3.97266
2.25      3.97217
2.25049   3.97168
2.25098   3.97119
2.25146   3.9707
2.25195   3.97021
2.25244   3.96973
2.25293   3.96924
2.25342   3.96875
2.25391   3.96826
2.25439   3.96777
2.25488   3.96729
2.25537   3.9668
2.25586   3.96631
2.25635   3.96582
2.25684   3.96533
2.25732   3.96484
2.25781   3.96436
2.2583    3.96387
2.25879   3.96338
2.25928   3.96289
2.25977   3.9624
2.26025   3.96191
2.26074   3.96143
2.26123   3.96094
2.26172   3.96045
2.26221   3.95996
2.2627    3.95947
2.26318   3.95898
2.26367   3.9585
2.26416   3.95801
2.26465   3.95752
2.26514   3.95703
2.26562   3.95654
2.26611   3.95605
2.2666    3.95557
2.26709   3.95508
2.26758   3.95459
2.26807   3.9541
2.26855   3.95361
2.26904   3.95312
2.26953   3.95264
2.27002   3.95215
2.27051   3.95166
2.271     3.95117
2.27148   3.95068
2.27197   3.9502
2.27246   3.94971
2.27295   3.94922
2.27344   3.94873
2.27393   3.94824
2.27441   3.94775
2.2749    3.94727
2.27539   3.94678
2.27588   3.94629
2.27637   3.9458
2.27686   3.94531
2.27734   3.94482
2.27783   3.94434
2.27832   3.94385
2.27881   3.94336
2.2793    3.94287
2.27979   3.94238
2.28027   3.94189
2.28076   3.94141
2.28125   3.94092
2.28174   3.94043
2.28223   3.93994
2.28271   3.93945
2.2832    3.93896
2.28369   3.93848
2.28418   3.93799
2.28467   3.9375
2.28516   3.93701
2.28564   3.93652
2.28613   3.93604
2.28662   3.93555
2.28711   3.93506
2.2876    3.93457
2.28809   3.93408
2.28857   3.93359
2.28906   3.93311
2.28955   3.93262
2.29004   3.93213
2.29053   3.93164
2.29102   3.93115
2.2915    3.93066
2.29199   3.93018
2.29248   3.92969
2.29297   3.9292
2.29346   3.92871
2.29395   3.92822
2.29443   3.92773
2.29492   3.92725
2.29541   3.92676
2.2959    3.92627
2.29639   3.92578
2.29688   3.92529
2.29736   3.9248
2.29785   3.92432
2.29834   3.92383
2.29883   3.92334
2.29932   3.92285
2.2998    3.92236
2.30029   3.92188
2.30078   3.92139
2.30127   3.9209
2.30176   3.92041
2.30225   3.91992
2.30273   3.91943
2.30322   3.91895
2.30371   3.91846
2.3042    3.91797
2.30469   3.91748
2.30518   3.91699
2.30566   3.9165
2.30615   3.91602
2.30664   3.91553
2.30713   3.91504
2.30762   3.91455
2.30811   3.91406
2.30859   3.91357
2.30908   3.91309
2.30957   3.9126
2.31006   3.91211
2.31055   3.91162
2.31104   3.91113
2.31152   3.91064
2.31201   3.91016
2.3125    3.90967
2.31299   3.90918
2.31348   3.90869
2.31396   3.9082
2.31445   3.90771
2.31494   3.90723
2.31543   3.90674
2.31592   3.90625
2.31641   3.90576
2.31689   3.90527
2.31738   3.90479
2.31787   3.9043
2.31836   3.90381
2.31885   3.90332
2.31934   3.90283
2.31982   3.90234
2.32031   3.90186
2.3208    3.90137
2.32129   3.90088
2.32178   3.90039
2.32227   3.8999
2.32275   3.89941
2.32324   3.89893
2.32373   3.89844
2.32422   3.89795
2.32471   3.89746
2.3252    3.89697
2.32568   3.89648
2.32617   3.896
2.32666   3.89551
2.32715   3.89502
2.32764   3.89453
2.32812   3.89404
2.32861   3.89355
2.3291    3.89307
2.32959   3.89258
2.33008   3.89209
2.33057   3.8916
2.33105   3.89111
2.33154   3.89062
2.33203   3.89014
2.33252   3.88965
2.33301   3.88916
2.3335    3.88867
2.33398   3.88818
2.33447   3.8877
2.33496   3.88721
2.33545   3.88672
2.33594   3.88623
2.33643   3.88574
2.33691   3.88525
2.3374    3.88477
2.33789   3.88428
2.33838   3.88379
2.33887   3.8833
2.33936   3.88281
2.33984   3.88232
2.34033   3.88184
2.34082   3.88135
2.34131   3.88086
2.3418    3.88037
2.34229   3.87988
2.34277   3.87939
2.34326   3.87891
2.34375   3.87842
2.34424   3.87793
2.34473   3.87744
2.34521   3.87695
2.3457    3.87646
2.34619   3.87598
2.34668   3.87549
2.34717   3.875
2.34766   3.87451
2.34814   3.87402
2.34863   3.87354
2.34912   3.87305
2.34961   3.87256
2.3501    3.87207
2.35059   3.87158
2.35107   3.87109
2.35156   3.87061
2.35205   3.87012
2.35254   3.86963
2.35303   3.86914
2.35352   3.86865
2.354     3.86816
2.35449   3.86768
2.35498   3.86719
2.35547   3.8667
2.35596   3.86621
2.35645   3.86572
2.35693   3.86523
2.35742   3.86475
2.35791   3.86426
2.3584    3.86377
2.35889   3.86328
2.35938   3.86279
2.35986   3.8623
2.36035   3.86182
2.36084   3.86133
2.36133   3.86084
2.36182   3.86035
2.3623    3.85986
2.36279   3.85938
2.36328   3.85889
2.36377   3.8584
2.36426   3.85791
2.36475   3.85742
2.36523   3.85693
2.36572   3.85645
2.36621   3.85596
2.3667    3.85547
2.36719   3.85498
2.36768   3.85449
2.36816   3.854
2.36865   3.85352
2.36914   3.85303
2.36963   3.85254
2.37012   3.85205
2.37061   3.85156
2.37109   3.85107
2.37158   3.85059
2.37207   3.8501
2.37256   3.84961
2.37305   3.84912
2.37354   3.84863
2.37402   3.84814
2.37451   3.84766
2.375     3.84717
2.37549   3.84668
2.37598   3.84619
2.37646   3.8457
2.37695   3.84521
2.37744   3.84473
2.37793   3.84424
2.37842   3.84375
2.37891   3.84326
2.37939   3.84277
2.37988   3.84229
2.38037   3.8418
2.38086   3.84131
2.38135   3.84082
2.38184   3.84033
2.38232   3.83984
2.38281   3.83936
2.3833    3.83887
2.38379   3.83838
2.38428   3.83789
2.38477   3.8374
2.38525   3.83691
2.38574   3.83643
2.38623   3.83594
2.38672   3.83545
2.38721   3.83496
2.3877    3.83447
2.38818   3.83398
2.38867   3.8335
2.38916   3.83301
2.38965   3.83252
2.39014   3.83203
2.39062   3.83154
2.39111   3.83105
2.3916    3.83057
2.39209   3.83008
2.39258   3.82959
2.39307   3.8291
2.39355   3.82861
2.39404   3.82812
2.39453   3.82764
2.39502   3.82715
2.39551   3.82666
2.396     3.82617
2.39648   3.82568
2.39697   3.8252
2.39746   3.82471
2.39795   3.82422
2.39844   3.82373
2.39893   3.82324
2.39941   3.82275
2.3999    3.82227
2.40039   3.82178
2.40088   3.82129
2.40137   3.8208
2.40186   3.82031
2.40234   3.81982
2.40283   3.81934
2.40332   3.81885
2.40381   3.81836
2.4043    3.81787
2.40479   3.81738
2.40527   3.81689
2.40576   3.81641
2.40625   3.81592
2.40674   3.81543
2.40723   3.81494
2.40771   3.81445
2.4082    3.81396
2.40869   3.81348
2.40918   3.81299
2.40967   3.8125
2.41016   3.81201
2.41064   3.81152
2.41113   3.81104
2.41162   3.81055
2.41211   3.81006
2.4126    3.80957
2.41309   3.80908
2.41357   3.80859
2.41406   3.80811
2.41455   3.80762
2.41504   3.80713
2.41553   3.80664
2.41602   3.80615
2.4165    3.80566
2.41699   3.80518
2.41748   3.80469
2.41797   3.8042
2.41846   3.80371
2.41895   3.80322
2.41943   3.80273
2.41992   3.80225
2.42041   3.80176
2.4209    3.80127
2.42139   3.80078
2.42188   3.80029
2.42236   3.7998
2.42285   3.79932
2.42334   3.79883
2.42383   3.79834
2.42432   3.79785
2.4248    3.79736
2.42529   3.79688
2.42578   3.79639
2.42627   3.7959
2.42676   3.79541
2.42725   3.79492
2.42773   3.79443
2.42822   3.79395
2.42871   3.79346
2.4292    3.79297
2.42969   3.79248
2.43018   3.79199
2.43066   3.7915
2.43115   3.79102
2.43164   3.79053
2.43213   3.79004
2.43262   3.78955
2.43311   3.78906
2.43359   3.78857
2.43408   3.78809
2.43457   3.7876
2.43506   3.78711
2.43555   3.78662
2.43604   3.78613
2.43652   3.78564
2.43701   3.78516
2.4375    3.78467
2.43799   3.78418
2.43848   3.78369
2.43896   3.7832
2.43945   3.78271
2.43994   3.78223
2.44043   3.78174
2.44092   3.78125
2.44141   3.78076
2.44189   3.78027
2.44238   3.77979
2.44287   3.7793
2.44336   3.77881
2.44385   3.77832
2.44434   3.77783
2.44482   3.77734
2.44531   3.77686
2.4458    3.77637
2.44629   3.77588
2.44678   3.77539
2.44727   3.7749
2.44775   3.77441
2.44824   3.77393
2.44873   3.77344
2.44922   3.77295
2.44971   3.77246
2.4502    3.77197
2.45068   3.77148
2.45117   3.771
2.45166   3.77051
2.45215   3.77002
2.45264   3.76953
2.45312   3.76904
2.45361   3.76855
2.4541    3.76807
2.45459   3.76758
2.45508   3.76709
2.45557   3.7666
2.45605   3.76611
2.45654   3.76562
2.45703   3.76514
2.45752   3.76465
2.45801   3.76416
2.4585    3.76367
2.45898   3.76318
2.45947   3.7627
2.45996   3.76221
2.46045   3.76172
2.46094   3.76123
2.46143   3.76074
2.46191   3.76025
2.4624    3.75977
2.46289   3.75928
2.46338   3.75879
2.46387   3.7583
2.46436   3.75781
2.46484   3.75732
2.46533   3.75684
2.46582   3.75635
2.46631   3.75586
2.4668    3.75537
2.46729   3.75488
2.46777   3.75439
2.46826   3.75391
2.46875   3.75342
2.46924   3.75293
2.46973   3.75244
2.47021   3.75195
2.4707    3.75146
2.47119   3.75098
2.47168   3.75049
2.47217   3.75
2.47266   3.74951
2.47314   3.74902
2.47363   3.74854
2.47412   3.74805
2.47461   3.74756
2.4751    3.74707
2.47559   3.74658
2.47607   3.74609
2.47656   3.74561
2.47705   3.74512
2.47754   3.74463
2.47803   3.74414
2.47852   3.74365
2.479     3.74316
2.47949   3.74268
2.47998   3.74219
2.48047   3.7417
2.48096   3.74121
2.48145   3.74072
2.48193   3.74023
2.48242   3.73975
2.48291   3.73926
2.4834    3.73877
2.48389   3.73828
2.48438   3.73779
2.48486   3.7373
2.48535   3.73682
2.48584   3.73633
2.48633   3.73584
2.48682   3.73535
2.4873    3.73486
2.48779   3.73438
2.48828   3.73389
2.48877   3.7334
2.48926   3.73291
2.48975   3.73242
2.49023   3.73193
2.49072   3.73145
2.49121   3.73096
2.4917    3.73047
2.49219   3.72998
2.49268   3.72949
2.49316   3.729
2.49365   3.72852
2.49414   3.72803
2.49463   3.72754
2.49512   3.72705
2.49561   3.72656
2.49609   3.72607
2.49658   3.72559
2.49707   3.7251
2.49756   3.72461
2.49805   3.72412
2.49854   3.72363
2.49902   3.72314
2.49951   3.72266
2.5       3.72217
2.50049   3.72168
2.50098   3.72119
2.50146   3.7207
2.50195   3.72021
2.50244   3.71973
2.50293   3.71924
2.50342   3.71875
2.50391   3.71826
2.50439   3.71777
2.50488   3.71729
2.50537   3.7168
2.50586   3.71631
2.50635   3.71582
2.50684   3.71533
2.50732   3.71484
2.50781   3.71436
2.5083    3.71387
2.50879   3.71338
2.50928   3.71289
2.50977   3.7124
2.51025   3.71191
2.51074   3.71143
2.51123   3.71094
2.51172   3.71045
2.51221   3.70996
2.5127    3.70947
2.51318   3.70898
2.51367   3.7085
2.51416   3.70801
2.51465   3.70752
2.51514   3.70703
2.51562   3.70654
2.51611   3.70605
2.5166    3.70557
2.51709   3.70508
2.51758   3.70459
2.51807   3.7041
2.51855   3.70361
2.51904   3.70312
2.51953   3.70264
2.52002   3.70215
2.52051   3.70166
2.521     3.70117
2.52148   3.70068
2.52197   3.7002
2.52246   3.69971
2.52295   3.69922
2.52344   3.69873
2.52393   3.69824
2.52441   3.69775
2.5249    3.69727
2.52539   3.69678
2.52588   3.69629
2.52637   3.6958
2.52686   3.69531
2.52734   3.69482
2.52783   3.69434
2.52832   3.69385
2.52881   3.69336
2.5293    3.69287
2.52979   3.69238
2.53027   3.69189
2.53076   3.69141
2.53125   3.69092
2.53174   3.69043
2.53223   3.68994
2.53271   3.68945
2.5332    3.68896
2.53369   3.68848
2.53418   3.68799
2.53467   3.6875
2.53516   3.68701
2.53564   3.68652
2.53613   3.68604
2.53662   3.68555
2.53711   3.68506
2.5376    3.68457
2.53809   3.68408
2.53857   3.68359
2.53906   3.68311
2.53955   3.68262
2.54004   3.68213
2.54053   3.68164
2.54102   3.68115
2.5415    3.68066
2.54199   3.68018
2.54248   3.67969
2.54297   3.6792
2.54346   3.67871
2.54395   3.67822
2.54443   3.67773
2.54492   3.67725
2.54541   3.67676
2.5459    3.67627
2.54639   3.67578
2.54688   3.67529
2.54736   3.6748
2.54785   3.67432
2.54834   3.67383
2.54883   3.67334
2.54932   3.67285
2.5498    3.67236
2.55029   3.67188
2.55078   3.67139
2.55127   3.6709
2.55176   3.67041
2.55225   3.66992
2.55273   3.66943
2.55322   3.66895
2.55371   3.66846
2.5542    3.66797
2.55469   3.66748
2.55518   3.66699
2.55566   3.6665
2.55615   3.66602
2.55664   3.66553
2.55713   3.66504
2.55762   3.66455
2.55811   3.66406
2.55859   3.66357
2.55908   3.66309
2.55957   3.6626
2.56006   3.66211
2.56055   3.66162
2.56104   3.66113
2.56152   3.66064
2.56201   3.66016
2.5625    3.65967
2.56299   3.65918
2.56348   3.65869
2.56396   3.6582
2.56445   3.65771
2.56494   3.65723
2.56543   3.65674
2.56592   3.65625
2.56641   3.65576
2.56689   3.65527
2.56738   3.65479
2.56787   3.6543
2.56836   3.65381
2.56885   3.65332
2.56934   3.65283
2.56982   3.65234
2.57031   3.65186
2.5708    3.65137
2.57129   3.65088
2.57178   3.65039
2.57227   3.6499
2.57275   3.64941
2.57324   3.64893
2.57373   3.64844
2.57422   3.64795
2.57471   3.64746
2.5752    3.64697
2.57568   3.64648
2.57617   3.646
2.57666   3.64551
2.57715   3.64502
2.57764   3.64453
2.57812   3.64404
2.57861   3.64355
2.5791    3.64307
2.57959   3.64258
2.58008   3.64209
2.58057   3.6416
2.58105   3.64111
2.58154   3.64062
2.58203   3.64014
2.58252   3.63965
2.58301   3.63916
2.5835    3.63867
2.58398   3.63818
2.58447   3.6377
2.58496   3.63721
2.58545   3.63672
2.58594   3.63623
2.58643   3.63574
2.58691   3.63525
2.5874    3.63477
2.58789   3.63428
2.58838   3.63379
2.58887   3.6333
2.58936   3.63281
2.58984   3.63232
2.59033   3.63184
2.59082   3.63135
2.59131   3.63086
2.5918    3.63037
2.59229   3.62988
2.59277   3.62939
2.59326   3.62891
2.59375   3.62842
2.59424   3.62793
2.59473   3.62744
2.59521   3.62695
2.5957    3.62646
2.59619   3.62598
2.59668   3.62549
2.59717   3.625
2.59766   3.62451
2.59814   3.62402
2.59863   3.62354
2.59912   3.62305
2.59961   3.62256
2.6001    3.62207
2.60059   3.62158
2.60107   3.62109
2.60156   3.62061
2.60205   3.62012
2.60254   3.61963
2.60303   3.61914
2.60352   3.61865
2.604     3.61816
2.60449   3.61768
2.60498   3.61719
2.60547   3.6167
2.60596   3.61621
2.60645   3.61572
2.60693   3.61523
2.60742   3.61475
2.60791   3.61426
2.6084    3.61377
2.60889   3.61328
2.60938   3.61279
2.60986   3.6123
2.61035   3.61182
2.61084   3.61133
2.61133   3.61084
2.61182   3.61035
2.6123    3.60986
2.61279   3.60938
2.61328   3.60889
2.61377   3.6084
2.61426   3.60791
2.61475   3.60742
2.61523   3.60693
2.61572   3.60645
2.61621   3.60596
2.6167    3.60547
2.61719   3.60498
2.61768   3.60449
2.61816   3.604
2.61865   3.60352
2.61914   3.60303
2.61963   3.60254
2.62012   3.60205
2.62061   3.60156
2.62109   3.60107
2.62158   3.60059
2.62207   3.6001
2.62256   3.59961
2.62305   3.59912
2.62354   3.59863
2.62402   3.59814
2.62451   3.59766
2.625     3.59717
2.62549   3.59668
2.62598   3.59619
2.62646   3.5957
2.62695   3.59521
2.62744   3.59473
2.62793   3.59424
2.62842   3.59375
2.62891   3.59326
2.62939   3.59277
2.62988   3.59229
2.63037   3.5918
2.63086   3.59131
2.63135   3.59082
2.63184   3.59033
2.63232   3.58984
2.63281   3.58936
2.6333    3.58887
2.63379   3.58838
2.63428   3.58789
2.63477   3.5874
2.63525   3.58691
2.63574   3.58643
2.63623   3.58594
2.63672   3.58545
2.63721   3.58496
2.6377    3.58447
2.63818   3.58398
2.63867   3.5835
2.63916   3.58301
2.63965   3.58252
2.64014   3.58203
2.64062   3.58154
2.64111   3.58105
2.6416    3.58057
2.64209   3.58008
2.64258   3.57959
2.64307   3.5791
2.64355   3.57861
2.64404   3.57812
2.64453   3.57764
2.64502   3.57715
2.64551   3.57666
2.646     3.57617
2.64648   3.57568
2.64697   3.5752
2.64746   3.57471
2.64795   3.57422
2.64844   3.57373
2.64893   3.57324
2.64941   3.57275
2.6499    3.57227
2.65039   3.57178
2.65088   3.57129
2.65137   3.5708
2.65186   3.57031
2.65234   3.56982
2.65283   3.56934
2.65332   3.56885
2.65381   3.56836
2.6543    3.56787
2.65479   3.56738
2.65527   3.56689
2.65576   3.56641
2.65625   3.56592
2.65674   3.56543
2.65723   3.56494
2.65771   3.56445
2.6582    3.56396
2.65869   3.56348
2.65918   3.56299
2.65967   3.5625
2.66016   3.56201
2.66064   3.56152
2.66113   3.56104
2.66162   3.56055
2.66211   3.56006
2.6626    3.55957
2.66309   3.55908
2.66357   3.55859
2.66406   3.55811
2.66455   3.55762
2.66504   3.55713
2.66553   3.55664
2.66602   3.55615
2.6665    3.55566
2.66699   3.55518
2.66748   3.55469
2.66797   3.5542
2.66846   3.55371
2.66895   3.55322
2.66943   3.55273
2.66992   3.55225
2.67041   3.55176
2.6709    3.55127
2.67139   3.55078
2.67188   3.55029
2.67236   3.5498
2.67285   3.54932
2.67334   3.54883
2.67383   3.54834
2.67432   3.54785
2.6748    3.54736
2.67529   3.54688
2.67578   3.54639
2.67627   3.5459
2.67676   3.54541
2.67725   3.54492
2.67773   3.54443
2.67822   3.54395
2.67871   3.54346
2.6792    3.54297
2.67969   3.54248
2.68018   3.54199
2.68066   3.5415
2.68115   3.54102
2.68164   3.54053
2.68213   3.54004
2.68262   3.53955
2.68311   3.53906
2.68359   3.53857
2.68408   3.53809
2.68457   3.5376
2.68506   3.53711
2.68555   3.53662
2.68604   3.53613
2.68652   3.53564
2.68701   3.53516
2.6875    3.53467
2.68799   3.53418
2.68848   3.53369
2.68896   3.5332
2.68945   3.53271
2.68994   3.53223
2.69043   3.53174
2.69092   3.53125
2.69141   3.53076
2.69189   3.53027
2.69238   3.52979
2.69287   3.5293
2.69336   3.52881
2.69385   3.52832
2.69434   3.52783
2.69482   3.52734
2.69531   3.52686
2.6958    3.52637
2.69629   3.52588
2.69678   3.52539
2.69727   3.5249
2.69775   3.52441
2.69824   3.52393
2.69873   3.52344
2.69922   3.52295
2.69971   3.52246
2.7002    3.52197
2.70068   3.52148
2.70117   3.521
2.70166   3.52051
2.70215   3.52002
2.70264   3.51953
2.70312   3.51904
2.70361   3.51855
2.7041    3.51807
2.70459   3.51758
2.70508   3.51709
2.70557   3.5166
2.70605   3.51611
2.70654   3.51562
2.70703   3.51514
2.70752   3.51465
2.70801   3.51416
2.7085    3.51367
2.70898   3.51318
2.70947   3.5127
2.70996   3.51221
2.71045   3.51172
2.71094   3.51123
2.71143   3.51074
2.71191   3.51025
2.7124    3.50977
2.71289   3.50928
2.71338   3.50879
2.71387   3.5083
2.71436   3.50781
2.71484   3.50732
2.71533   3.50684
2.71582   3.50635
2.71631   3.50586
2.7168    3.50537
2.71729   3.50488
2.71777   3.50439
2.71826   3.50391
2.71875   3.50342
2.71924   3.50293
2.71973   3.50244
2.72021   3.50195
2.7207    3.50146
2.72119   3.50098
2.72168   3.50049
