1.40968   2.2
1.4248    2.18488
1.43128   2.1784
1.44496   2.16472
1.4464    2.16328
1.46008   2.1496
1.4626    2.14708
1.46656   2.14312
1.47772   2.13196
1.48168   2.128
1.4842    2.12548
1.48528   2.1244
1.49788   2.1118
1.49932   2.11036
1.5004    2.10928
1.50688   2.1028
1.513     2.09668
1.51768   2.092
1.51948   2.0902
1.52056   2.08912
1.522     2.08768
1.52308   2.0866
1.5328    2.07688
1.5346    2.07508
1.53568   2.074
1.5382    2.07148
1.53928   2.0704
1.54216   2.06752
1.54468   2.065
1.55296   2.05672
1.55332   2.05636
1.5544    2.05528
1.55728   2.0524
1.55836   2.05132
1.5598    2.04988
1.56808   2.0416
1.5706    2.03908
1.57168   2.038
1.57348   2.0362
1.57456   2.03512
1.57492   2.03476
1.576     2.03368
1.57996   2.02972
1.58572   2.02396
1.5868    2.02288
1.5886    2.02108
1.58968   2.02
1.59112   2.01856
1.5922    2.01748
1.59328   2.0164
1.59508   2.0146
1.5976    2.01208
1.60588   2.0038
1.60696   2.00272
1.60732   2.00236
1.6084    2.00128
1.6102    1.99948
1.61128   1.9984
1.61272   1.99696
1.61488   1.9948
1.621     1.98868
1.62208   1.9876
1.6246    1.98508
1.6264    1.98328
1.62748   1.9822
1.62856   1.98112
1.63      1.97968
1.63108   1.9786
1.63288   1.9768
1.63972   1.96996
1.6426    1.96708
1.64368   1.966
1.6462    1.96348
1.64728   1.9624
1.648     1.96168
1.65016   1.95952
1.65268   1.957
1.65988   1.9498
1.66132   1.94836
1.6624    1.94728
1.66528   1.9444
1.66636   1.94332
1.6678    1.94188
1.66888   1.9408
1.675     1.93468
1.68148   1.9282
1.68256   1.92712
1.68292   1.92676
1.684     1.92568
1.68508   1.9246
1.68796   1.92172
1.6966    1.91308
1.6966    1.91308
1.69768   1.912
1.69912   1.91056
1.7002    1.90948
1.70308   1.9066
1.70416   1.90552
1.7056    1.90408
1.70668   1.903
1.71532   1.89436
1.7182    1.89148
1.71928   1.8904
1.72036   1.88932
1.72072   1.88896
1.7218    1.88788
1.7344    1.87528
1.73548   1.8742
1.73692   1.87276
1.738     1.87168
1.74088   1.8688
1.74196   1.86772
1.7506    1.85908
1.75312   1.85656
1.756     1.85368
1.75708   1.8526
1.7596    1.85008
1.7722    1.83748
1.77328   1.8364
1.77472   1.83496
1.7884    1.82128
1.79488   1.8148
1.81      1.79968
1.8118    1.77268
1.819     1.76548
1.82008   1.7644
1.8226    1.76188
1.8244    1.76008
1.82692   1.75756
1.83196   1.75252
1.8352    1.74928
1.83772   1.74676
1.84708   1.7374
1.8496    1.73488
1.85788   1.7266
1.8622    1.72228
1.86472   1.71976
1.873     1.71148
1.88488   1.6996
1.9       1.68448
