1.19328   2.8
1.19616   2.79712
1.2048    2.78848
1.20768   2.7856
1.2192    2.77408
1.22208   2.7712
1.23072   2.76256
1.2336    2.75968
1.25088   2.7424
1.25376   2.73952
1.2624    2.73088
1.26528   2.728
1.2768    2.71648
1.27968   2.7136
1.28832   2.70496
1.2912    2.70208
1.32288   2.6704
1.32576   2.66752
1.3344    2.65888
1.33728   2.656
1.3488    2.64448
1.35168   2.6416
1.36032   2.63296
1.3632    2.63008
1.38048   2.6128
1.38336   2.60992
1.392     2.60128
1.39488   2.5984
1.4064    2.58688
1.40928   2.584
1.41792   2.57536
1.4208    2.57248
1.43808   2.5552
1.44096   2.55232
1.4496    2.54368
1.45248   2.5408
1.464     2.52928
1.46688   2.5264
1.47552   2.51776
1.4784    2.51488
1.49568   2.4976
1.49856   2.49472
1.5072    2.48608
1.51008   2.4832
1.5216    2.47168
1.52448   2.4688
1.53312   2.46016
1.536     2.45728
1.84128   2.152
1.84416   2.14912
1.8528    2.14048
1.85568   2.1376
1.8672    2.12608
1.87008   2.1232
1.87872   2.11456
1.8816    2.11168
1.89888   2.0944
1.90176   2.09152
1.9104    2.08288
1.91328   2.08
1.91456   2.07712
1.9248    2.06848
1.92768   2.0656
1.93632   2.05696
1.9392    2.05408
1.94048   2.0512
1.94912   2.04256
1.952     2.03968
1.97088   2.0224
1.97376   2.01952
1.9824    2.01088
1.98528   2.008
1.9968    1.99648
1.99968   1.9936
2.00832   1.98496
2.0112    1.98208
2.02688   1.9648
2.02848   1.9648
2.03136   1.96192
2.0384    1.95328
2.04      1.95328
2.04128   1.9504
2.04288   1.9504
2.04416   1.94752
2.0528    1.93888
2.0544    1.93888
2.05568   1.936
2.05728   1.936
2.06592   1.92736
2.0672    1.92448
2.0688    1.92448
2.07008   1.9216
2.07872   1.91296
2.0816    1.91008
2.08608   1.9072
2.08896   1.90432
2.0976    1.89568
2.10048   1.8928
2.112     1.88128
2.11488   1.8784
2.12352   1.86976
2.1264    1.86688
2.14368   1.8496
2.14656   1.84672
2.1552    1.83808
2.15808   1.8352
2.15936   1.83232
2.1696    1.82368
2.17248   1.8208
2.18112   1.81216
2.184     1.80928
2.18528   1.8064
2.19392   1.79776
2.1968    1.79488
2.27168   1.72
2.27456   1.71712
2.2832    1.70848
2.28608   1.7056
2.2976    1.69408
2.30048   1.6912
2.30912   1.68256
2.312     1.67968
2.41728   1.576
2.42016   1.57312
2.4288    1.56448
2.43168   1.5616
2.4432    1.55008
2.44608   1.5472
2.45472   1.53856
2.4576    1.53568
2.47488   1.5184
2.47776   1.51552
2.4864    1.50688
2.48768   1.504
2.48928   1.504
2.49056   1.50112
2.5008    1.49248
2.50208   1.4896
2.50368   1.4896
2.51232   1.48096
2.5152    1.47808
2.51648   1.4752
2.52512   1.46656
2.528     1.46368
2.54688   1.4464
2.54976   1.44352
2.5584    1.43488
2.56128   1.432
2.5728    1.42048
2.57568   1.4176
2.58432   1.40896
2.5872    1.40608
2.60288   1.3888
2.60448   1.3888
2.60576   1.38592
2.60736   1.38592
2.616     1.37728
2.61728   1.3744
2.61888   1.3744
2.62016   1.37152
2.6304    1.36288
2.63168   1.36
2.63328   1.36
2.64032   1.35136
2.64192   1.35136
2.6448    1.34848
2.64608   1.3456
2.65472   1.33696
2.6576    1.33408
2.66208   1.3312
2.66496   1.32832
2.6736    1.31968
2.67648   1.3168
2.688     1.30528
2.69088   1.3024
2.69952   1.29376
2.7024    1.29088
2.71968   1.2736
2.72256   1.27072
2.7312    1.26208
2.73248   1.2592
2.73408   1.2592
2.73536   1.25632
2.744     1.24768
2.7456    1.24768
2.74688   1.2448
2.74848   1.2448
2.75712   1.23616
2.7584    1.23328
2.76      1.23328
2.76128   1.2304
2.76992   1.22176
2.7728    1.21888
2.84768   1.144
2.85056   1.14112
2.8592    1.13248
2.86208   1.1296
2.8736    1.11808
2.87648   1.1152
2.88512   1.10656
2.888     1.10368
2.99968   0.992
3.00256   0.98912
3.0112    0.98048
3.01408   0.9776
3.0256    0.96608
3.02848   0.9632
3.03712   0.95456
3.04      0.95168
3.11488   0.8768
3.11776   0.87392
3.1264    0.86528
3.12928   0.8624
3.13216   0.85952
3.1408    0.85088
3.14368   0.848
3.15232   0.83936
3.1552    0.83648
3.15808   0.8336
3.16672   0.82496
3.1696    0.82208
3.24448   0.7472
3.24736   0.74432
3.256     0.73568
3.25888   0.7328
3.2704    0.72128
3.27328   0.7184
3.28192   0.70976
3.2848    0.70688
3.35968   0.632
3.36256   0.62912
3.3712    0.62048
3.37408   0.6176
3.3856    0.60608
3.38848   0.6032
3.39712   0.59456
3.4       0.59168
