0.29564   3.7
0.29708   3.69856
0.3014    3.69424
0.30284   3.6928
0.3086    3.68704
0.31004   3.6856
0.31436   3.68128
0.3158    3.67984
0.36044   3.6352
0.36188   3.63376
0.3662    3.62944
0.36764   3.628
0.3734    3.62224
0.37484   3.6208
0.37916   3.61648
0.3806    3.61504
0.41804   3.5776
0.41948   3.57616
0.4238    3.57184
0.42524   3.5704
0.42668   3.56896
0.431     3.56464
0.43244   3.5632
0.43676   3.55888
0.4382    3.55744
0.43964   3.556
0.44396   3.55168
0.4454    3.55024
0.48284   3.5128
0.48428   3.51136
0.4886    3.50704
0.49004   3.5056
0.4958    3.49984
0.49724   3.4984
0.50156   3.49408
0.503     3.49264
1.02464   2.971
1.02608   2.96956
1.0304    2.96524
1.03184   2.9638
1.0376    2.95804
1.03904   2.9566
1.04336   2.95228
1.0448    2.95084
1.08944   2.9062
1.09088   2.90476
1.0952    2.90044
1.09664   2.899
1.1024    2.89324
1.10384   2.8918
1.10528   2.88856
1.10816   2.88748
1.1096    2.88604
1.11104   2.8828
1.1168    2.87704
1.11824   2.8756
1.12256   2.87128
1.124     2.86984
1.14704   2.8486
1.14848   2.84716
1.1528    2.84284
1.15424   2.8414
1.15568   2.83996
1.16      2.83564
1.16144   2.8342
1.16576   2.82988
1.1672    2.82844
1.16864   2.827
1.17008   2.82376
1.17296   2.82268
1.1744    2.82124
1.1744    2.81944
1.17584   2.818
1.1816    2.81224
1.18304   2.8108
1.18736   2.80648
1.1888    2.80504
1.21184   2.7838
1.21328   2.78236
1.2176    2.77804
1.21904   2.7766
1.2248    2.77084
1.22624   2.7694
1.22768   2.76616
1.23056   2.76508
1.232     2.76364
1.23344   2.7604
1.23488   2.75896
1.2392    2.75464
1.24064   2.7532
1.24496   2.74888
1.2464    2.74744
1.24784   2.746
1.25216   2.74168
1.2536    2.74024
1.29824   2.6956
1.29968   2.69416
1.304     2.68984
1.30544   2.6884
1.3112    2.68264
1.31264   2.6812
1.31696   2.67688
1.3184    2.67544
1.35584   2.638
1.35728   2.63656
1.3616    2.63224
1.36304   2.6308
1.3688    2.62504
1.37024   2.6236
1.37456   2.61928
1.376     2.61784
1.67264   2.323
1.67408   2.32156
1.6784    2.31724
1.67984   2.3158
1.6856    2.31004
1.68704   2.3086
1.69136   2.30428
1.6928    2.30284
1.73744   2.2582
1.73888   2.25676
1.7432    2.25244
1.74464   2.251
1.7504    2.24524
1.75184   2.2438
1.75328   2.24056
1.75616   2.23948
1.7576    2.23804
1.75904   2.2348
1.7648    2.22904
1.76624   2.2276
1.77056   2.22328
1.772     2.22184
1.79504   2.2006
1.79648   2.19916
1.8008    2.19484
1.80224   2.1934
1.80368   2.19196
1.808     2.18764
1.80944   2.1862
1.81376   2.18188
1.8152    2.18044
1.81664   2.179
1.81664   2.1772
1.81808   2.17576
1.82096   2.17468
1.8224    2.17324
1.8224    2.17144
1.82384   2.17
1.8296    2.16424
1.83104   2.1628
1.83536   2.15848
1.8368    2.15704
1.85984   2.1358
1.86128   2.13436
1.8656    2.13004
1.86704   2.1286
1.8728    2.12284
1.87424   2.1214
1.87424   2.1196
1.87568   2.11816
1.87856   2.11708
1.88      2.11564
1.88      2.11384
1.88144   2.1124
1.88288   2.11096
1.8872    2.10664
1.88864   2.1052
1.89296   2.10088
1.8944    2.09944
1.89584   2.098
1.90016   2.09368
1.9016    2.09224
1.94624   2.0476
1.94768   2.04616
1.952     2.04184
1.95344   2.0404
1.9592    2.03464
1.96064   2.0332
1.96496   2.02888
1.9664    2.02744
2.00384   1.99
2.00528   1.98856
2.0096    1.98424
2.01104   1.9828
2.0168    1.97704
2.01824   1.9756
2.02256   1.97128
2.024     1.96984
2.32784   1.666
2.32928   1.66456
2.3336    1.66024
2.33504   1.6588
2.3408    1.65304
2.34224   1.6516
2.34656   1.64728
2.348     1.64584
2.39264   1.6012
2.39408   1.59976
2.3984    1.59544
2.39984   1.594
2.4056    1.58824
2.40704   1.5868
2.41136   1.58248
2.4128    1.58104
2.45024   1.5436
2.45168   1.54216
2.456     1.53784
2.45744   1.5364
2.45888   1.53496
2.4632    1.53064
2.46464   1.5292
2.46896   1.52488
2.4704    1.52344
2.47184   1.522
2.47616   1.51768
2.4776    1.51624
2.52224   1.4716
2.52368   1.47016
2.528     1.46584
2.52944   1.4644
2.5352    1.45864
2.53664   1.4572
2.54096   1.45288
2.5424    1.45144
2.57984   1.414
2.58128   1.41256
2.5856    1.40824
2.58704   1.4068
2.5928    1.40104
2.59424   1.3996
2.59856   1.39528
2.6       1.39384
