0	0	1.99219
0	1	1.98438
0	1.0125	1.96875
0	1.025	1.95
0	1.035	1.9375
0	1.05	1.9125
0	1.06	1.9
0	1.07	1.885
0	1.078	1.875
0	1.1	1.8375
0	1.11	1.825
0	1.12	1.81
0	1.128	1.8
0	1.14	1.78
0	1.148	1.77
0	1.156	1.758
0	1.1624	1.75
0	1.2	1.6875
0	1.21	1.675
0	1.22	1.66
0	1.228	1.65
0	1.24	1.63
0	1.248	1.62
0	1.256	1.608
0	1.2624	1.6
0	1.28	1.57
0	1.288	1.56
0	1.296	1.548
0	1.3024	1.54
0	1.312	1.524
0	1.3184	1.516
0	1.3248	1.5064
0	1.32992	1.5
0	1.4	1.3875
0	1.41	1.375
0	1.42	1.36
0	1.428	1.35
0	1.44	1.33
0	1.448	1.32
0	1.456	1.308
0	1.4624	1.3
0	1.48	1.27
0	1.488	1.26
0	1.496	1.248
0	1.5024	1.24
0	1.512	1.224
0	1.5184	1.216
0	1.5248	1.2064
0	1.52992	1.2
0	1.56	1.15
0	1.568	1.14
0	1.576	1.128
0	1.5824	1.12
0	1.592	1.104
0	1.5984	1.096
0	1.6048	1.0864
0	1.60992	1.08
0	1.624	1.056
0	1.6304	1.048
0	1.6368	1.0384
0	1.64192	1.032
0	1.6496	1.0192
0	1.65472	1.0128
0	1.65984	1.00512
0	1.66394	1
0	1.66557	0
1	0	1.98438
1	1	1.96875
1	1.025	1.9375
1	1.05	1.9
1	1.07	1.875
1	1.1	1.825
1	1.12	1.8
1	1.14	1.77
1	1.156	1.75
1	1.2	1.675
1	1.22	1.65
1	1.24	1.62
1	1.256	1.6
1	1.28	1.56
1	1.296	1.54
1	1.312	1.516
1	1.3248	1.5
1	1.4	1.375
1	1.42	1.35
1	1.44	1.32
1	1.456	1.3
1	1.48	1.26
1	1.496	1.24
1	1.512	1.216
1	1.5248	1.2
1	1.56	1.14
1	1.576	1.12
1	1.592	1.096
1	1.6048	1.08
1	1.624	1.048
1	1.6368	1.032
1	1.6496	1.0128
1	1.65984	1
1	1.66394	0
1.00307	1.65984	0
1.00768	1.6496	1
1.00768	1.65267	0
1.00937	0	1.96875
1.0096	1.312	1.5
1.0096	1.512	1.2
1.0096	1.592	1.08
1.0096	1.624	1.032
1.00998	1.6496	0
1.012	1.14	1.75
1.012	1.24	1.6
1.012	1.28	1.54
1.012	1.44	1.3
1.012	1.48	1.24
1.012	1.56	1.12
1.015	1.05	1.875
1.015	1.1	1.8
1.015	1.2	1.65
1.015	1.4	1.35
1.01875	0	1.94687
1.01875	1	1.9375
1.0192	1.624	1.0096
1.0192	1.63168	1
1.0192	1.63475	0
1.0215	1.63168	0
1.024	1.28	1.512
1.024	1.2896	1.5
1.024	1.48	1.212
1.024	1.4896	1.2
1.024	1.56	1.092
1.024	1.5696	1.08
1.02437	0	1.9375
1.02496	1.624	1
1.02496	1.6263	0
1.02669	1.624	0
1.03	1.1	1.765
1.03	1.112	1.75
1.03	1.2	1.615
1.03	1.212	1.6
1.03	1.4	1.315
1.03	1.412	1.3
1.0312	1.28	1.5
1.0312	1.48	1.2
1.0312	1.56	1.08
1.0375	0	1.90313
1.0375	1	1.89375
1.0375	1.015	1.875
1.039	1.1	1.75
1.039	1.2	1.6
1.039	1.4	1.3
1.04313	0	1.89375
1.048	1.56	1.036
1.048	1.5696	1.024
1.048	1.5792	1.0096
1.048	1.58688	1
1.048	1.58995	0
1.04875	0	1.88063
1.04875	1	1.875
1.0503	1.58688	0
1.05212	0	1.875
1.05376	1.5792	1
1.05376	1.5815	0
1.0552	1.56	1.024
1.05549	1.5792	0
1.06	1.2	1.545
1.06	1.212	1.53
1.06	1.224	1.512
1.06	1.2336	1.5
1.06	1.4	1.245
1.06	1.412	1.23
1.06	1.424	1.212
1.06	1.4336	1.2
1.0624	1.56	1.0072
1.0624	1.56576	1
1.0624	1.56806	0
1.06413	1.56576	0
1.06672	1.56	1
1.06672	1.56173	0
1.0672	1.224	1.5
1.0672	1.424	1.2
1.06802	1.56	0
1.069	1.2	1.53
1.069	1.4	1.23
1.075	0	1.81562
1.075	1	1.80625
1.075	1.015	1.7875
1.075	1.03	1.765
1.075	1.042	1.75
1.078	1.2	1.509
1.078	1.2072	1.5
1.078	1.4	1.209
1.078	1.4072	1.2
1.08063	0	1.80625
1.0834	1.2	1.5
1.0834	1.4	1.2
1.084	1.03	1.75
1.08625	0	1.79313
1.08625	1	1.7875
1.08963	0	1.7875
1.0975	0	1.76688
1.0975	1	1.76125
1.0975	1.009	1.75
1.10088	0	1.76125
1.10425	0	1.75338
1.10425	1	1.75
1.10627	0	1.75
1.12	1.4	1.105
1.12	1.412	1.09
1.12	1.424	1.072
1.12	1.4336	1.06
1.12	1.448	1.036
1.12	1.4576	1.024
1.12	1.4672	1.0096
1.12	1.47488	1
1.12	1.47795	0
1.1223	1.47488	0
1.12576	1.4672	1
1.12576	1.4695	0
1.1272	1.424	1.06
1.1272	1.448	1.024
1.12749	1.4672	0
1.129	1.4	1.09
1.1344	1.448	1.0072
1.1344	1.45376	1
1.1344	1.45606	0
1.13613	1.45376	0
1.138	1.4	1.069
1.138	1.4072	1.06
1.13872	1.448	1
1.13872	1.44973	0
1.14002	1.448	0
1.1434	1.4	1.06
1.15	0	1.64062
1.15	1	1.63125
1.15	1.015	1.6125
1.15	1.03	1.59
1.15	1.042	1.575
1.15	1.06	1.545
1.15	1.072	1.53
1.15	1.084	1.512
1.15	1.0936	1.5
1.15562	0	1.63125
1.156	1.4	1.027
1.156	1.4072	1.018
1.156	1.4144	1.0072
1.156	1.42016	1
1.156	1.42246	0
1.1572	1.084	1.5
1.15773	1.42016	0
1.159	1.03	1.575
1.159	1.06	1.53
1.16032	1.4144	1
1.16032	1.41613	0
1.16125	0	1.61812
1.16125	1	1.6125
1.1614	1.4	1.018
1.16162	1.4144	0
1.16463	0	1.6125
1.1668	1.4	1.0054
1.1668	1.40432	1
1.1668	1.40605	0
1.168	1.06	1.509
1.168	1.0672	1.5
1.1681	1.40432	0
1.17004	1.4	1
1.17004	1.4013	0
1.17101	1.4	0
1.1725	0	1.59188
1.1725	1	1.58625
1.1725	1.009	1.575
1.1734	1.06	1.5
1.17587	0	1.58625
1.17925	0	1.57837
1.17925	1	1.575
1.18128	0	1.575
1.195	0	1.53938
1.195	1	1.53375
1.195	1.009	1.5225
1.195	1.018	1.509
1.195	1.0252	1.5
1.19837	0	1.53375
1.2004	1.018	1.5
1.20175	0	1.52587
1.20175	1	1.5225
1.20378	0	1.5225
1.2085	0	1.51012
1.2085	1	1.50675
1.2085	1.0054	1.5
1.21053	0	1.50675
1.21255	0	1.50203
1.21255	1	1.5
1.21377	0	1.5
1.3	0	1.29062
1.3	1	1.28125
1.3	1.015	1.2625
1.3	1.03	1.24
1.3	1.042	1.225
1.3	1.06	1.195
1.3	1.072	1.18
1.3	1.084	1.162
1.3	1.0936	1.15
1.3	1.12	1.105
1.3	1.132	1.09
1.3	1.144	1.072
1.3	1.1536	1.06
1.3	1.168	1.036
1.3	1.1776	1.024
1.3	1.1872	1.0096
1.3	1.19488	1
1.3	1.19795	0
1.3023	1.19488	0
1.30562	0	1.28125
1.30576	1.1872	1
1.30576	1.1895	0
1.3072	1.084	1.15
1.3072	1.144	1.06
1.3072	1.168	1.024
1.30749	1.1872	0
1.309	1.03	1.225
1.309	1.06	1.18
1.309	1.12	1.09
1.31125	0	1.26813
1.31125	1	1.2625
1.3144	1.168	1.0072
1.3144	1.17376	1
1.3144	1.17606	0
1.31463	0	1.2625
1.31613	1.17376	0
1.318	1.06	1.159
1.318	1.0672	1.15
1.318	1.12	1.069
1.318	1.1272	1.06
1.31872	1.168	1
1.31872	1.16973	0
1.32002	1.168	0
1.3225	0	1.24188
1.3225	1	1.23625
1.3225	1.009	1.225
1.3234	1.06	1.15
1.3234	1.12	1.06
1.32588	0	1.23625
1.32925	0	1.22837
1.32925	1	1.225
1.33127	0	1.225
1.336	1.12	1.027
1.336	1.1272	1.018
1.336	1.1344	1.0072
1.336	1.14016	1
1.336	1.14246	0
1.33773	1.14016	0
1.34032	1.1344	1
1.34032	1.13613	0
1.3414	1.12	1.018
1.34162	1.1344	0
1.345	0	1.18938
1.345	1	1.18375
1.345	1.009	1.1725
1.345	1.018	1.159
1.345	1.0252	1.15
1.3468	1.12	1.0054
1.3468	1.12432	1
1.3468	1.12605	0
1.3481	1.12432	0
1.34838	0	1.18375
1.35004	1.12	1
1.35004	1.1213	0
1.3504	1.018	1.15
1.35101	1.12	0
1.35175	0	1.17587
1.35175	1	1.1725
1.35378	0	1.1725
1.3585	0	1.16013
1.3585	1	1.15675
1.3585	1.0054	1.15
1.36053	0	1.15675
1.36255	0	1.15202
1.36255	1	1.15
1.36377	0	1.15
1.39	0	1.08438
1.39	1	1.07875
1.39	1.009	1.0675
1.39	1.018	1.054
1.39	1.0252	1.045
1.39	1.036	1.027
1.39	1.0432	1.018
1.39	1.0504	1.0072
1.39	1.05616	1
1.39	1.05846	0
1.39173	1.05616	0
1.39338	0	1.07875
1.39432	1.0504	1
1.39432	1.05213	0
1.3954	1.018	1.045
1.3954	1.036	1.018
1.39562	1.0504	0
1.39675	0	1.07088
1.39675	1	1.0675
1.39877	0	1.0675
1.4008	1.036	1.0054
1.4008	1.04032	1
1.4008	1.04205	0
1.4021	1.04032	0
1.4035	0	1.05512
1.4035	1	1.05175
1.4035	1.0054	1.045
1.40404	1.036	1
1.40404	1.0373	0
1.40501	1.036	0
1.40552	0	1.05175
1.40755	0	1.04702
1.40755	1	1.045
1.40877	0	1.045
1.417	0	1.02363
1.417	1	1.02025
1.417	1.0054	1.0135
1.417	1.0108	1.0054
1.417	1.01512	1
1.417	1.01685	0
1.4183	1.01512	0
1.41902	0	1.02025
1.42024	1.0108	1
1.42024	1.0121	0
1.42105	0	1.01552
1.42105	1	1.0135
1.42121	1.0108	0
1.42227	0	1.0135
1.4251	0	1.00608
1.4251	1	1.00405
1.4251	1.00324	1
1.4251	1.00454	0
1.42607	1.00324	0
1.42632	0	1.00405
1.42753	0	1.00121
1.42753	1	1
1.42753	1.00097	0
1.42826	0	1
1.42826	1	0
1.42848	0	0
