

					1, 1, 1, 2

		a, 		v, 		t
-------------------------
0,0 |	0, 		0, 		0

1,0 |	0, 		0, 		0
1,1 |	0, 		0, 		0

2,0 |	0, 		0, 		0
2,2 |	0, 		0, 		0

3,0 |	0, 		0, 		0
3,1 |	0, 		0, 		0
3,2 |	0, 		0, 		0


	 	2, 2, 2, 3

	 |	a, 		v, 		t
-------------------------
0,0 |	0, 		0, 		0

1,0 |	0, 		0, 		0
1,1 |	0, 		2, 		2

2,0 |	0, 		0, 		0
2,2 |	0, 		2, 		2

3,0 |	0, 		0, 		0
3,1 |	0, 		2, 		2
3,2 |	0, 		0, 		0


	 	20, 20, 20, 10

	 |	a, 		v, 		t
-------------------------
0,0 |	0, 		0, 		0

1,0 |	0, 		0, 		0
1,1 |	0, 		6, 		6

2,0 |	0, 		0, 		0
2,2 |	0, 		6, 		6

3,0 |	0, 		0, 		0
3,1 |	0, 		3, 		3
3,2 |	0, 		2, 		2


	 1218, 1218, 1218, 200

	 |	a, 		v, 		t
-------------------------
0,0 |	1212, 	660, 		1872

1,0 |	0, 		11, 		11
1,1 |	1212, 	803, 		2015

2,0 |	0, 		50, 		50
2,2 |	1212, 	764, 		1976

3,0 |	0,			0, 		0
3,1 |	0, 		60, 		60
3,2 |	0, 		58, 		58


==============================================


q = vectors removed because a better one was found for same action
v = vectors removed because a better one was found for same state
t = total vectors removed
p = vectors left for V after removal

  |	q			v	 	|	t		|	p
---------------------|--------|-------
0 |	0			0		|	0		|	1
1 |	0			0		|	0		|	1
2 |	0			0		|	0		|	1
3 |	0			0		|	0		|	2
---------------------|--------|-------
+ |	0			0		|	0		|	5


  |	q			v	 	|	t		|	p
---------------------|--------|-------
0 |	0	 		0	 	|	0		|	2
1 |	0	 		2	 	|	2		|	2
2 |	0	 		2	 	|	2		|	2
3 |	0	 		2	 	|	2		|	3
---------------------|--------|-------
+ |	0	 		6	 	|	6		|	9


  |	q			v	 	|	t		|	p
---------------------|--------|--------
0 |	0			0	 	|	0		|	20
1 |	0			6	 	|	6		|	20
2 |	0			6		|	6		|	20
3 |	0			5		|	5		|	10
---------------------|--------|-------
+ |	0	 		17 	|	17		|	70


  |	q			v	 	|	t		|	p
---------------------|--------|--------
0 |	1212		660 	|	1872	|	1218
1 |	1212	 	814 	|	2026	|	1218
2 |	1212	 	814 	|	2026	|	1218
3 |	0	 		118 	|	118	|	200
---------------------|--------|-------
+ |	3636	 	2406	|	6042	|	3854


