6     6     6     7
6     6     6     7
6     6     6     7
6     6     6     7
5     5     5     6
6     6     6     7
6     6     6     7
6     6     6     7
6     6     6     7
1     1     1     2

6     6     6     7
18    18    18    12
24    24    24    12
24    24    25    12
24    24    24    12
16    16    16    12
24    24    24    12
24    24    24    11
24    24    24    11
20    20    20    11
1     1     1     2

6     6     6     7
24    24    24    12
18    18    18    12
24    24    24    12
24    24    24    12
16    16    16    12
22    22    22    11
24    24    24    11
20    20    20    10
22    22    22    11
1     1     1     2

6     6     6     7
24    25    24    12
24    24    24    12
18    18    18    12
24    24    24    12
16    16    16    12
24    25    24    11
20    22    20    10
24    24    24    11
24    24    24    11
1     1     1     2

6     6     6     7
24    25    24    12
24    24    24    12
24    24    25    12
18    18    18    12
16    16    16    12
20    20    20    10
22    22    22    11
22    23    22    11
24    25    24    11
1     1     1     2

5     5     5     6
16    16    16    12
16    16    17    12
16    16    16    12
16    16    16    12
8     8     8     10
15    15    15    12
16    16    16    11
15    15    15    11
16    16    16    11
1     1     1     2

6     6     6     7
24    24    24    12
22    22    22    11
24    24    25    11
20    20    20    10
15    15    15    12
18    18    18    12
22    22    22    12
20    20    20    12
24    24    24    12
1     1     1     2

6     6     6     7
24    24    24    11
24    24    24    11
20    20    23    10
22    22    22    11
16    16    16    11
22    22    22    12
18    18    18    12
24    24    24    12
24    24    24    12
1     1     1     2

6     6     6     7
24    24    24    11
20    20    20    10
24    24    24    11
22    22    22    11
15    15    15    11
20    20    20    12
24    24    24    12
18    18    18    12
22    22    22    12
1     1     1     2

6     6     6     7
20    20    21    11
22    22    22    11
24    24    24    11
24    24    24    11
16    16    16    11
24    24    24    12
24    24    24    12
22    22    22    12
18    18    18    12
1     1     1     2

1     1     1     2
1     1     1     2
1     1     1     2
1     1     1     2
1     1     1     2
1     1     1     2
1     1     1     2
1     1     1     2
1     1     1     2
1     1     1     2
1     1     1     1
