0.0  0.0  4
0.0  0.1  34
0.0  0.2  34
0.0  0.3  34
0.0  0.4  33
0.0  0.5  13
0.0  0.6  34
0.0  0.7  33
0.0  0.8  33
0.0  0.9  33
0.0  1.0  1

0.1  0.0  33
0.1  0.1  2599
0.1  0.2  6867
0.1  0.3  15604
0.1  0.4  5084
0.1  0.5  917
0.1  0.6  6871
0.1  0.7  10693
0.1  0.8  6221
0.1  0.9  3319
0.1  1.0  1

0.2  0.0  35
0.2  0.1  6952
0.2  0.2  944
0.2  0.3  6891
0.2  0.4  1911
0.2  0.5  303
0.2  0.6  1909
0.2  0.7  5932
0.2  0.8  1262
0.2  0.9  5202
0.2  1.0  1

0.3  0.0  34
0.3  0.1  15604
0.3  0.2  6880
0.3  0.3  2427
0.3  0.4  5422
0.3  0.5  922
0.3  0.6  3710
0.3  0.7  3265
0.3  0.8  5131
0.3  0.9  10033
0.3  1.0  1

0.4  0.0  33
0.4  0.1  4985
0.4  0.2  1821
0.4  0.3  5330
0.4  0.4  1009
0.4  0.5  251
0.4  0.6  1394
0.4  0.7  3224
0.4  0.8  1439

0.5  0.0  13
0.5  0.1  888
0.5  0.2  293
0.5  0.3  843
0.5  0.4  255
0.5  0.5  40
0.5  0.6  235
0.5  0.7  660
0.5  0.8  225

0.6  0.0  34
0.6  0.1  6697
0.6  0.2  1719
0.6  0.3  3501
0.6  0.4  1295
0.6  0.5  220
0.6  0.6  1009
0.6  0.7  3440
0.6  0.8  1107

0.7  0.0  33
0.7  0.1  10480
0.7  0.2  5772
0.7  0.3  2988
0.7  0.4  3012
0.7  0.5  627
0.7  0.6  3203
0.7  0.7  2509
0.7  0.8  3704

0.8  0.0  33
0.8  0.1  6107
0.8  0.2  1222
0.8  0.3  4651
0.8  0.4  1177
0.8  0.5  204
0.8  0.6  1028
0.8  0.7  3323
0.8  0.8  848

0.9  0.0  33
0.9  0.1  3271
0.9  0.2  5029
0.9  0.3  9685
0.9  0.4  4276
0.9  0.5  656
0.9  0.6  3430
0.9  0.7  8119
0.9  0.8  3213
0.9  0.9  2416

1.0  0.0  1
1.0  0.1  1
1.0  0.2  1
1.0  0.3  1
1.0  0.4  1
1.0  0.5  1
1.0  0.6  1
1.0  0.7  1
1.0  0.8  1
1.0  0.9  1
1.0  1.0  1
