0.0  0.0  4
0.0  0.1  33
0.0  0.2  34
0.0  0.3  34
0.0  0.4  33
0.0  0.5  13
0.0  0.6  34
0.0  0.7  33
0.0  0.8  33
0.0  0.9  33
0.0  1.0  1

0.1  0.0  34
0.1  0.1  2539
0.1  0.2  6857
0.1  0.3  15568
0.1  0.4  4985
0.1  0.5  888
0.1  0.6  6697
0.1  0.7  10480
0.1  0.8  6107
0.1  0.9  3271
0.1  1.0  1

0.2  0.0  34
0.2  0.1  7033
0.2  0.2  951
0.2  0.3  6880
0.2  0.4  1874
0.2  0.5  293
0.2  0.6  1731
0.2  0.7  5777
0.2  0.8  1218
0.2  0.9  5031
0.2  1.0  1

0.3  0.0  34
0.3  0.1  15568
0.3  0.2  6891
0.3  0.3  2424
0.3  0.4  5330
0.3  0.5  843
0.3  0.6  3501
0.3  0.7  2988
0.3  0.8  4651
0.3  0.9  9685
0.3  1.0  1

0.4  0.0  33
0.4  0.1  5084
0.4  0.2  1830
0.4  0.3  5422
0.4  0.4  1012
0.4  0.5  255
0.4  0.6  1295
0.4  0.7  3012
0.4  0.8  1177

0.5  0.0  13
0.5  0.1  917
0.5  0.2  295
0.5  0.3  922
0.5  0.4  251
0.5  0.5  40
0.5  0.6  220
0.5  0.7  627
0.5  0.8  204

0.6  0.0  34
0.6  0.1  6871
0.6  0.2  1870
0.6  0.3  3710
0.6  0.4  1394
0.6  0.5  235
0.6  0.6  1012
0.6  0.7  3203
0.6  0.8  1028

0.7  0.0  33
0.7  0.1  10693
0.7  0.2  5920
0.7  0.3  3265
0.7  0.4  3224
0.7  0.5  660
0.7  0.6  3440
0.7  0.7  2538
0.7  0.8  3323

0.8  0.0  33
0.8  0.1  6221
0.8  0.2  1304
0.8  0.3  5131
0.8  0.4  1439
0.8  0.5  225
0.8  0.6  1107
0.8  0.7  3704
0.8  0.8  848

0.9  0.0  33
0.9  0.1  3319
0.9  0.2  5249
0.9  0.3  10033
0.9  0.4  4628
0.9  0.5  678
0.9  0.6  3860
0.9  0.7  8354
0.9  0.8  3219
0.9  0.9  2416

1.0  0.0  1
1.0  0.1  1
1.0  0.2  1
1.0  0.3  1
1.0  0.4  1
1.0  0.5  1
1.0  0.6  1
1.0  0.7  1
1.0  0.8  1
1.0  0.9  1
1.0  1.0  1
