0.0  0.0  5
0.0  0.1  34
0.0  0.2  35
0.0  0.3  36
0.0  0.4  34
0.0  0.5  14
0.0  0.6  35
0.0  0.7  34
0.0  0.8  34
0.0  0.9  34
0.0  1.0  2

0.1  0.0  34
0.1  0.1  283
0.1  0.2  468
0.1  0.3  431
0.1  0.4  365
0.1  0.5  211
0.1  0.6  318
0.1  0.7  286
0.1  0.8  280
0.1  0.9  215
0.1  1.0  2

0.2  0.0  35
0.2  0.1  462
0.2  0.2  273
0.2  0.3  389
0.2  0.4  274
0.2  0.5  154
0.2  0.6  231
0.2  0.7  267
0.2  0.8  202
0.2  0.9  272
0.2  1.0  2

0.3  0.0  36
0.3  0.1  431
0.3  0.2  389
0.3  0.3  266
0.3  0.4  292
0.3  0.5  163
0.3  0.6  262
0.3  0.7  209
0.3  0.8  290
0.3  0.9  313
0.3  1.0  2

0.4  0.0  34
0.4  0.1  365
0.4  0.2  271
0.4  0.3  292
0.4  0.4  264
0.4  0.5  148
0.4  0.6  215
0.4  0.7  242
0.4  0.8  267

0.5  0.0  14
0.5  0.1  211
0.5  0.2  161
0.5  0.3  163
0.5  0.4  148
0.5  0.5  42
0.5  0.6  143
0.5  0.7  180
0.5  0.8  148

0.6  0.0  35
0.6  0.1  318
0.6  0.2  234
0.6  0.3  262
0.6  0.4  215
0.6  0.5  143
0.6  0.6  271
0.6  0.7  330
0.6  0.8  267

0.7  0.0  34
0.7  0.1  286
0.7  0.2  265
0.7  0.3  209
0.7  0.4  242
0.7  0.5  180
0.7  0.6  330
0.7  0.7  269
0.7  0.8  368

0.8  0.0  34
0.8  0.1  280
0.8  0.2  202
0.8  0.3  290
0.8  0.4  267
0.8  0.5  148
0.8  0.6  267
0.8  0.7  368
0.8  0.8  264

0.9  0.0  34
0.9  0.1  215
0.9  0.2  274
0.9  0.3  313
0.9  0.4  320
0.9  0.5  188
0.9  0.6  354
0.9  0.7  382
0.9  0.8  333
0.9  0.9  266

1.0  0.0  2
1.0  0.1  2
1.0  0.2  2
1.0  0.3  2
1.0  0.4  2
1.0  0.5  2
1.0  0.6  2
1.0  0.7  2
1.0  0.8  2
1.0  0.9  2
1.0  1.0  1
