0.0  0.0  4
0.0  0.1  33
0.0  0.2  35
0.0  0.0  4

0.0  0.3  36
0.0  0.4  33
0.0  0.5  13
0.0  0.6  34
0.0  0.7  33
0.0  0.8  33
0.0  0.9  33
0.0  1.0  1

0.1  0.0  33
0.1  0.1  2609
0.1  0.2  6882
0.1  0.3  15665
0.1  0.4  5069
0.1  0.5  892
0.1  0.6  6741
0.1  0.7  10495
0.1  0.8  6107
0.1  0.9  3242
0.1  1.0  1

0.2  0.0  35
0.2  0.1  7063
0.2  0.2  962
0.2  0.3  7047
0.2  0.4  1959
0.2  0.5  303
0.2  0.6  1772
0.2  0.7  5775
0.2  0.8  1218
0.2  0.9  5029
0.2  1.0  1

0.3  0.0  36
0.3  0.1  15665
0.3  0.2  7047
0.3  0.3  2430
0.3  0.4  5508
0.3  0.5  862
0.3  0.6  3575
0.3  0.7  3013
0.3  0.8  4651
0.3  0.9  9685
0.3  1.0  1

0.4  0.0  33
0.4  0.1  5069
0.4  0.2  1855
0.4  0.3  5508
0.4  0.4  1138
0.4  0.5  263
0.4  0.6  1343
0.4  0.7  3139
0.4  0.8  1192
0.4  0.9  4276
0.4  1.0  1

0.5  0.0  13
0.5  0.1  892
0.5  0.2  292
0.5  0.3  862
0.5  0.4  263
0.5  0.5  40
0.5  0.6  224
0.5  0.7  636
0.5  0.8  208
0.5  0.9  656
0.5  1.0  1

0.6  0.0  34
0.6  0.1  6741
0.6  0.2  1755
0.6  0.3  3575
0.6  0.4  1343
0.6  0.5  224
0.6  0.6  1025
0.6  0.7  3278
0.6  0.8  1058
0.6  0.9  3430
0.6  1.0  1

0.7  0.0  33
0.7  0.1  10495
0.7  0.2  5773
0.7  0.3  3013
0.7  0.4  3139
0.7  0.5  636
0.7  0.6  3278
0.7  0.7  2497
0.7  0.8  3312
0.7  0.9  8119
0.7  1.0  1

0.8  0.0  33
0.8  0.1  6107
0.8  0.2  1222
0.8  0.3  4651
0.8  0.4  1192
0.8  0.5  208
0.8  0.6  1058
0.8  0.7  3312
0.8  0.8  842
0.8  0.9  3213
0.8  1.0  1

0.9  0.0  33
0.9  0.1  3242
0.9  0.2  5029
0.9  0.3  9685
0.9  0.4  4276
0.9  0.5  656
0.9  0.6  3430
0.9  0.7  8119
0.9  0.8  3213
0.9  0.9  2416
0.9  1.0  1

1.0  0.0  1
1.0  0.1  1
1.0  0.2  1
1.0  0.3  1
1.0  0.4  1
1.0  0.5  1
1.0  0.6  1
1.0  0.7  1
1.0  0.8  1
1.0  0.9  1
1.0  1.0  1
