1.26944 	   2.6
1.2848  	   2.58464
1.29248 	   2.57696
1.29504 	   2.5744
1.30784 	   2.5616
1.3104  	   2.55904
1.31808 	   2.55136
1.33344 	   2.536
1.3616  	   2.50784
1.37696 	   2.49248
1.38464 	   2.4848
1.3872  	   2.48224
1.4     		  2.46944
1.40256 	   2.46688
1.41024 	   2.4592
1.42304 	   2.4464
1.4256  	   2.44384
1.4384  	   2.43104
1.44608 	   2.42336
1.44864 	   2.4208
1.46144 	   2.408
1.464   		  2.40544
1.47168 	   2.39776
1.48704 	   2.3824
1.49984 	   2.3696
1.5152  	   2.35424
1.52288 	   2.34656
1.52544 	   2.344
1.53056 	   2.33888
1.53824 	   2.3312
1.5408  	   2.32864
1.54848 	   2.32096
1.55104 	   2.3184
1.5536  	   2.31584
1.55616 	   2.31328
1.56384 	   2.3056
1.5664  	   2.30304
1.57408 	   2.29536
1.5792  	   2.29024
1.58944 	   2.28
1.592   		  2.27744
1.60736 	   2.26208
1.61504 	   2.2544
1.6176  	   2.25184
1.6304  	   2.23904
1.63296 	   2.23648
1.64064 	   2.2288
1.6432  	   2.22624
1.65344 	   2.216
1.656   		  2.21344
1.65856 	   2.21088
1.66624 	   2.2032
1.6688  	   2.20064
1.67648 	   2.19296
1.67904 	   2.1904
1.6816  	   2.18784
1.69184 	   2.1776
1.6944  	   2.17504
1.70208 	   2.16736
1.70464 	   2.1648
1.71744 	   2.152
1.72    		  2.14944
1.72768 	   2.14176
1.74304 	   2.1264
1.7456  	   2.12384
1.75584 	   2.1136
1.76096 	   2.10848
1.76864 	   2.1008
1.7712  	   2.09824
1.77888 	   2.09056
1.78144 	   2.088
1.784   		  2.08544
1.78656 	   2.08288
1.79424 	   2.0752
1.7968  	   2.07264
1.80448 	   2.06496
1.80704 	   2.0624
1.8096  	   2.05984
1.81216 	   2.05728
1.81984 	   2.0496
1.8224  	   2.04704
1.83008 	   2.03936
1.83264 	   2.0368
1.8352  	   2.03424
1.84544 	   2.024
1.848   		  2.02144
1.85568 	   2.01376
1.86336 	   2.00608
1.87104 	   1.9984
1.8736  	   1.99584
1.88384 	   1.9856
1.8864  	   1.98304
1.88896 	   1.98048
1.89664 	   1.9728
1.8992  	   1.97024
1.90688 	   1.96256
1.90944 	   1.96
1.912   		  1.95744
1.91456 	   1.95488
1.92224 	   1.9472
1.9248  	   1.94464
1.93248 	   1.93696
1.9376  	   1.93184
1.94016 	   1.92928
1.94784 	   1.9216
1.9632  	   1.90624
1.976   		  1.89344
1.99136 	   1.87808
1.99904 	   1.8704
2.0016  	   1.86784
2.0144  	   1.85504
2.01696 	   1.85248
2.02464 	   1.8448
2.04    		  1.82944
2.04384 	   1.8064
2.0464  	   1.80384
2.0592  	   1.79104
2.06944 	   1.7808
2.0848  	   1.76544
2.09248 	   1.75776
2.0976  	   1.75264
2.10016 	   1.75008
2.10784 	   1.7424
2.11296 	   1.73728
2.12064 	   1.7296
2.1232  	   1.72704
2.136   		  1.71424
2.1616  	   1.68864
2.17696 	   1.67328
2.18464 	   1.6656
2.2     		  1.65024
